0
0.03359
0.042781
0.033569
0.037024
0.036945
0.03383
0.04119
0.034666
0.04471
0.036718
0.041522
0.037027
0.033612
0.036871
0.033373
0.033809
0.034022
0.036295
0.041241
0.036925
0.033652
0.044502
0.035481
0.041423
0.038021
0.036871
0.03442
0.034121
0.039245
0.034504
0.03476
0.037532
0.033891
0.034369
0.034404
0.03783
0.034271
0.034163
0.034357
0.037916
0.034468
0.034442
0.037719
0.034377
0.034971
0.034382
0.036042
0.034479
0.034325
0.034142
0.035965
0.033764
0.034183
0.034445
0.035787
0.034566
0.034418
0.03439
0.034237
0.037911
0.034437
0.034245
0.034268
0.039068
0.034342
0.034286
0.039182
0.034093
0.034141
0.034047
0.037649
0.034103
0.03392
0.034038
0.036997
0.034124
0.034534
0.038943
0.034327
0.068379
0.03393
0.039207
0.034475
0.034205
0.034358
0.039521
0.034237
0.034303
0.0338
0.037355
0.033964
0.033936
0.039539
0.03449
0.033919
0.033993
0.03383
0.037315
0.03398
0.03393
0.033733
0.03758
0.034544
0.034073
0.033988
0.039185
0.034244
0.033997
0.038233
0.033908
0.034101
0.039292
0.033928
0.033914
0.033959
0.033977
0.039515
0.034279
0.034346
0.034011
0.0373
0.033949
0.034185
0.033922
0.033958
0.039238
0.034388
0.033925
0.033994
0.037668
0.034217
0.034798
0.039529
0.034012
0.034036
0.033904
0.034188
0.036572
0.033728
0.034202
0.033893
0.034007
0.037729
0.034218
0.034463
0.034089
0.038467
0.034466
0.03409
0.039478
0.034652
0.034406
0.034461
0.037266
0.034384
0.034106
0.039509
0.034084
0.034126
0.039459
0.034553
0.034232
0.039836
0.034634
0.034233
0.034251
0.036394
0.034225
0.0349
0.038069
0.034826
0.034127
0.039562
0.034661
0.034236
0.033595
0.039205
0.033851
0.034202
0.034233
0.039648
0.03424
0.034519
0.034311
0.037947
0.034251
0.034183
0.037427
0.034415
0.034762
0.039516
0.034099
0.034504
0.034161
0.037899
0.034478
0.034057
0.039482
0.034391
0.034127
0.03951
0.03419
0.034268
0.039613
0.034318
0.034157
0.039409
0.03421
0.034106
0.039155
0.034229
0.034089
0.039215
0.033899
0.033904
0.039163
0.034147
0.033992
0.039894
0.033982
0.033825
0.033749
0.039067
0.033947
0.034187
0.034075
0.039003
0.034153
0.034227
0.034072
0.037528
0.034407
0.034412
0.034147
0.038006
0.033916
0.033874
0.034067
0.039466
0.034114
0.034124
0.039119
0.034186
0.034321
0.039846
0.033947
0.033963
0.034883
0.039472
0.034048
0.034161
0.039335
0.0341
0.034001
0.034252
0.037361
0.034376
0.034076
0.03398
0.039004
0.034319
0.03487
0.039062
0.033946
0.034182
0.03733
0.034251
0.03421
0.034422
0.038041
0.034316
0.034402
0.037665
0.034354
0.034297
0.040187
0.034108
0.033918
0.034479
0.039488
0.034384
0.034042
0.034158
0.07209
0.03456
0.034032
0.033907
0.038022
0.034094
0.034662
0.039228
0.034256
0.034084
0.034591
0.038289
0.034268
0.034207
0.039196
0.034159
0.034476
0.034165
0.037642
0.034335
0.034579
0.037676
0.034717
0.034127
0.039834
0.034153
0.034238
0.039051
0.034263
0.033984
0.034114
0.035605
0.033998
0.033882
0.034264
0.040051
0.034116
0.033938
0.034002
0.038943
0.034184
0.034082
0.034229
0.037513
0.03433
0.033996
0.033929
0.037542
0.033922
0.034883
0.039226
0.033888
0.034011
0.03374
0.039119
0.034322
0.034247
0.034036
0.039011
0.033963
0.034351
0.034619
0.036169
0.034594
0.034774
0.037705
0.03412
0.034179
0.034314
0.03764
0.03443
0.034566
0.034127
0.03804
0.034134
0.033971
0.033857
0.037546
0.033348
0.034161
0.033984
0.03579
0.034121
0.034076
0.033999
0.039226
0.034071
0.03412
0.039092
0.034201
0.034257
0.039283
0.034449
0.034676
0.034454
0.039181
0.034223
0.034136
0.039627
0.034011
0.034073
0.039552
0.034362
0.034401
0.03936
0.034163
0.033887
0.0335
0.037727
0.034183
0.034096
0.03421
0.039257
0.033964
0.033894
0.034215
0.039205
0.03464
0.034006
0.033923
0.039304
0.034729
0.034267
0.034282
0.034375
0.036246
0.034232
0.034345
0.033866
0.033939
0.037831
0.033896
0.033921
0.034144
0.039235
0.033509
0.034624
0.039122
0.034007
0.034209
0.039108
0.034105
0.03382
0.034077
0.039552
0.034532
0.03418
0.034298
0.037825
0.034208
0.03417
0.038273
0.034113
0.034049
0.033895
0.037391
0.035058
0.034711
0.034241
0.03632
0.034737
0.034428
0.039245
0.034893
0.033816
0.038316
0.034275
0.033736
0.034088
0.037359
0.034172
0.033908
0.034122
0.039309
0.034374
0.034174
0.034161
0.039555
0.034258
0.03424
0.038278
0.034202
0.034056
0.034168
0.037531
0.034742
0.034277
0.034048
0.03973
0.034374
0.034469
0.040653
0.034794
0.034042
0.040098
0.033835
0.034654
0.034229
0.037806
0.034948
0.034155
0.039373
0.034318
0.034142
0.03954
0.03445
0.034548
0.03732
0.033664
0.034285
0.039248
0.034502
0.03401
0.034263
0.036016
0.034137
0.034189
0.034336
0.039257
0.034008
0.034514
0.034452
0.036629
0.033405
0.034514
0.034422
0.037837
0.034303
0.034465
0.039553
0.034438
0.03429
0.03413
0.037208
0.034184
0.034193
0.034248
0.036464
0.034188
0.034111
0.037751
0.034077
0.0344
0.03449
0.037761
0.034221
0.034417
0.034127
0.036606
0.034031
0.03401
0.034246
0.03806
0.034261
0.034422
0.03413
0.03619
0.033968
0.034395
0.034098
0.039564
0.034718
0.034374
0.039673
0.034262
0.033954
0.034655
0.036666
0.034246
0.034289
0.03464
0.037569
0.034526
0.034376
0.039224
0.034399
0.034524
0.034194
0.038022
0.034697
0.034546
0.037012
0.034255
0.034176
0.033881
0.037927
0.034711
0.034259
0.034827
0.037743
0.034967
0.034238
0.034429
0.03465
0.039657
0.033414
0.033928
0.039386
0.034378
0.034603
0.039559
0.034316
0.034547
0.037922
0.034316
0.033494
0.034469
0.038173
0.034526
0.034107
0.040037
0.034447
0.033761
0.03431
0.037621
0.034312
0.034565
0.03982
0.034208
0.034284
0.034336
0.037634
0.034138
0.03416
0.039978
0.034123
0.034149
0.034024
0.037648
0.03464
0.034146
0.034174
0.039318
0.03418
0.033973
0.03424
0.037951
0.034115
0.034056
0.040236
0.03414
0.005119
0.029327
0.033877
0.037538
0.034342
0.034114
0.033983
0.039202
0.034091
0.034034
0.033992
0.039263
0.034085
0.034708
0.037581
0.034361
0.034029
0.034229
0.036007
0.034723
0.034115
0.034396
0.037738
0.034021
0.034352
0.039192
0.034166
0.033928
0.034486
0.02213
0.01533
0.034169
0.03408
0.034225
0.039723
0.034466
0.034204
0.034054
0.039456
0.034321
0.034157
0.039562
0.03454
0.034668
0.033939
0.039597
0.034378
0.03443
0.040002
0.034145
0.034052
0.033959
0.037848
0.034123
0.033911
0.034426
0.037516
0.034174
0.034768
0.034062
0.036035
0.034159
0.034065
0.034272
0.034197
0.03771
0.034018
0.034146
0.033911
0.039495
0.034343
0.03405
0.034448
0.038191
0.034378
0.034268
0.034249
0.039549
0.034407
0.034106
0.039279
0.034046
0.034223
0.033812
0.037637
0.034138
0.034333
0.039958
0.034535
0.034307
0.039737
0.034233
0.03422
0.034408
0.037593
0.034148
0.034224
0.034408
0.035958
0.034188
0.034445
0.033997
0.040048
0.034063
0.034373
0.034413
0.036341
0.034787
0.034158
0.03949
0.034107
0.034314
0.037787
0.034465
0.034132
0.034391
0.036725
0.034582
0.034234
0.034536
0.040038
0.034521
0.034499
0.03733
0.034611
0.034238
0.039414
0.034304
0.034315
0.040006
0.033632
0.03443
0.034471
0.037875
0.034462
0.033385
0.034357
0.037608
0.034078
0.034158
0.034039
0.037886
0.034204
0.031073
0.003378
0.034474
0.038442
0.034232
0.034431
0.039366
0.03437
0.034206
0.039643
0.034198
0.034162
0.034262
0.037855
0.034107
0.034121
0.03405
0.038553
0.034417
0.034279
0.037993
0.033976
0.034625
0.03449
0.034112
0.037611
0.034109
0.034181
0.034243
0.039419
0.034131
0.034003
0.039947
0.034665
0.034357
0.034429
0.039484
0.034431
0.034412
0.034115
0.034199
0.039301
0.03429
0.034227
0.03925
0.034288
0.034284
0.038416
0.03415
0.034034
0.040045
0.034703
0.034403
0.034347
0.037545
0.03442
0.034112
0.039784
0.034087
0.034109
0.039261
0.034895
0.03456
0.037596
0.034291
0.03412
0.039306
0.033774
0.034213
0.034209
0.039579
0.033807
0.034329
0.039549
0.034441
0.034538
0.039564
0.035177
0.034636
0.039657
0.034256
0.034328
0.034408
0.038011
0.034125
0.034404
0.03946
0.034171
0.034451
0.034533
0.038623
0.034479
0.034283
0.038964
0.034286
0.034055
0.037738
0.034329
0.034126
0.039843
0.034574
0.03408
0.039737
0.03411
0.034803
0.03381
0.038811
0.033977
0.034609
0.034142
0.03428
0.03788
0.034624
0.034114
0.033895
0.039473
0.034167
0.034251
0.04009
0.033985
0.034339
0.039349
0.03441
0.03422
0.034137
0.039263
0.034111
0.033996
0.034225
0.039261
0.03443
0.03431
0.039986
0.034248
0.03401
0.039702
0.034296
0.034476
0.034214
0.03628
0.034387
0.034194
0.034396
0.037801
0.034433
0.034408
0.03966
0.034614
0.034329
0.038342
0.034313
0.034109
0.034315
0.039308
0.034421
0.034436
0.039555
0.034233
0.034278
0.034445
0.039518
0.034749
0.033886
0.037605
0.034214
0.034306
0.039572
0.034219
0.034223
0.034015
0.034403
0.03736
0.034434
0.034305
0.03947
0.034149
0.034626
0.039777
0.034189
0.034285
0.034241
0.037735
0.034249
0.033924
0.034005
0.039611
0.034172
0.034423
0.034118
0.039323
0.033499
0.034011
0.034489
0.034285
0.038066
0.034516
0.033881
0.039606
0.034165
0.033785
0.034313
0.038554
0.034584
0.034261
0.034137
0.04027
0.034231
0.034279
0.03413
0.037861
0.034769
0.034321
0.039612
0.034282
0.034152
0.034343
0.034034
0.03776
0.034587
0.0342
0.038006
0.03406
0.034432
0.03958
0.034871
0.034123
0.037639
0.034286
0.034251
0.034026
0.037504
0.034381
0.034202
0.034352
0.034585
0.039217
0.034348
0.033803
0.037505
0.034059
0.034125
0.033914
0.034112
0.036619
0.034009
0.034198
0.039925
0.03429
0.033944
0.034594
0.039309
0.03388
0.033875
0.039178
0.034273
0.034285
0.034129
0.039356
0.034221
0.034325
0.038985
0.034563
0.034063
0.034706
0.037637
0.033908
0.033869
0.039531
0.034301
0.034331
0.034501
0.037131
0.034026
0.034032
0.034099
0.03722
0.034198
0.0341
0.040011
0.034283
0.034096
0.039889
0.034409
0.034266
0.038151
0.034841
0.034365
0.039624
0.034566
0.034197
0.034188
0.039422
0.034819
0.034077
0.03422
0.033968
0.037638
0.03466
0.034043
0.034445
0.038351
0.034353
0.034396
0.037824
0.034492
0.034755
0.038925
0.033538
0.034968
0.039629
0.034966
0.034506
0.034758
0.037796
0.034641
0.034404
0.039594
0.034784
0.034636
0.037724
0.034816
0.034952
0.034321
0.037461
0.03417
0.034448
0.037878
0.034318
0.034745
0.038923
0.034132
0.033903
0.039763
0.034411
0.034313
0.039727
0.034256
0.034555
0.034228
0.037282
0.034258
0.034286
0.034004
0.037386
0.03424
0.034401
0.033974
0.037393
0.034457
0.034102
0.039882
0.034034
0.033593
0.038979
0.033666
0.033706
0.033379
0.036073
0.034987
0.034143
0.033673
0.038545
0.03337
0.034949
0.034611
0.038062
0.034243
0.035029
0.033668
0.034388
0.039743
0.034197
0.033422
0.040216
0.034397
0.034255
0.039822
0.034736
0.034284
0.039685
0.034022
0.034638
0.039101
0.034145
0.033382
0.037982
0.035246
0.034759
0.039097
0.034707
0.034809
0.037901
0.034918
0.033462
0.039794
0.034666
0.034698
0.039233
0.033857
0.03444
0.039238
0.034307
0.034478
0.034577
0.037709
0.034479
0.034626
0.040125
0.034797
0.034792
0.039647
0.034589
0.03403
0.034165
0.034103
0.036462
0.034274
0.034034
0.034063
0.039111
0.034178
0.034498
0.033931
0.034177
0.039742
0.034671
0.034062
0.039285
0.034011
0.034458
0.03438
0.039139
0.034061
0.03396
0.03912
0.034356
0.034768
0.03895
0.033918
0.03418
0.034058
0.037372
0.034277
0.034177
0.034171
0.037278
0.034022
0.034086
0.0339
0.038109
0.03357
0.034144
0.039694
0.034434
0.034077
0.03981
0.034127
0.033671
0.034089
0.034069
0.039138
0.034318
0.034186
0.034026
0.034169
0.036471
0.034191
0.034314
0.039733
0.034366
0.033952
0.040747
0.03464
0.034005
0.034314
0.039158
0.033987
0.034124
0.03405
0.038484
0.034249
0.033973
0.039112
0.034083
0.033422
0.034321
0.034303
0.037901
0.034281
0.033907
0.034398
0.037304
0.033554
0.034565
0.039714
0.034402
0.034439
0.034221
0.037221
0.034037
0.033528
0.034668
0.0375
0.034803
0.034452
0.034611
0.036318
0.034914
0.034639
0.034644
0.037702
0.034308
0.034533
0.039633
0.034595
0.034537
0.039002
0.03438
0.034251
0.034062
0.039754
0.034895
0.034658
0.033382
0.037791
0.034173
0.034593
0.039147
0.033539
0.034662
0.039945
0.034901
0.034839
0.038146
0.034748
0.034681
0.03975
0.03461
0.034703
0.037532
0.034881
0.034506
0.037504
0.034417
0.034961
0.039764
0.034671
0.034324
0.039711
0.034177
0.034615
0.038434
0.034371
0.040417
0.034268
0.03464
0.034864
0.036705
0.034488
0.034454
0.040065
0.034716
0.034355
0.039718
0.034468
0.034309
0.038817
0.034545
0.034061
0.034632
0.03583
0.033979
0.034592
0.039339
0.034389
0.034156
0.039304
0.034548
0.034358
0.034118
0.036666
0.034455
0.034244
0.034311
0.037647
0.034488
0.034486
0.037622
0.034574
0.034377
0.039316
0.034121
0.034357
0.039462
0.034999
0.067966
0.037857
0.034429
0.034165
0.038981
0.034274
0.034067
0.033916
0.039245
0.0344
0.034189
0.034485
0.037705
0.034666
0.034144
0.037853
0.03456
0.034003
0.034252
0.037491
0.034465
0.034232
0.039089
0.034069
0.034254
0.039041
0.034129
0.03335
0.034157
0.037473
0.034869
0.034425
0.037506
0.034138
0.034236
0.03981
0.034512
0.034604
0.039888
0.034936
0.034533
0.040159
0.034504
0.034543
0.037541
0.034246
0.034362
0.040176
0.034417
0.034444
0.037348
0.034195
0.034335
0.039699
0.034547
0.034579
0.038571
0.034618
0.034403
0.034191
0.037595
0.034184
0.033901
0.039404
0.034592
0.03413
0.034367
0.037745
0.034408
0.034169
0.038414
0.034532
0.035051
0.037611
0.034798
0.034503
0.039645
0.034362
0.034243
0.037862
0.034589
0.034549
0.037531
0.034785
0.033329
0.039236
0.034908
0.034727
0.034724
0.034124
0.03597
0.034742
0.034288
0.039609
0.034938
0.033335
0.039573
0.03452
0.034428
0.040039
0.0342
0.034417
0.034651
0.03581
0.022433
0.012065
0.033974
0.039339
0.034344
0.034317
0.037605
0.034541
0.034534
0.037588
0.033414
0.033999
0.034101
0.039403
0.034459
0.03445
0.03816
0.034691
0.034703
0.037891
0.034157
0.03393
0.039894
0.034525
0.03475
0.038593
0.034217
0.034335
0.039419
0.034344
0.034428
0.034553
0.037869
0.034503
0.034335
0.034367
0.039732
0.034451
0.034
0.03842
0.0343
0.034225
0.037709
0.034529
0.034443
0.039369
0.034772
0.034333
0.039586
0.034408
0.034644
0.037894
0.034034
0.034896
0.039424
0.034426
0.034416
0.034067
0.037345
0.034178
0.034164
0.034275
0.036122
0.034787
0.034146
0.039357
0.03446
0.034863
0.037852
0.034031
0.034295
0.034212
0.037184
0.034329
0.034054
0.034537
0.034226
0.039202
0.033965
0.034223
0.034218
0.041066
0.033562
0.034589
0.039365
0.034415
0.03413
0.039531
0.034671
0.034287
0.03914
0.034165
0.034189
0.033916
0.039017
0.03429
0.034453
0.03429
0.039457
0.034275
0.034225
0.039317
0.03415
0.034158
0.034415
0.039544
0.034022
0.034306
0.039809
0.034527
0.033566
0.033327
0.037394
0.03433
0.034287
0.034273
0.038143
0.033935
0.034505
0.033898
0.037674
0.034303
0.033981
0.03418
0.036174
0.034922
0.033813
0.034508
0.039586
0.034237
0.033949
0.03437
0.039395
0.03428
0.034153
0.034108
0.0393
0.034129
0.034076
0.039167
0.033405
0.034264
0.03431
0.039364
0.033999
0.034333
0.034376
0.037282
0.033948
0.034301
0.039488
0.034615
0.034208
0.039047
0.033465
0.034027
0.034245
0.03941
0.034523
0.034129
0.034224
0.034181
0.039009
0.034559
0.033955
0.034065
0.038797
0.034286
0.034436
0.034464
0.035824
0.034247
0.034321
0.034316
0.037894
0.034392
0.033683
0.033757
0.037625
0.034515
0.034226
0.039259
0.034168
0.034741
0.037424
0.034226
0.034659
0.037509
0.034168
0.033969
0.034212
0.036247
0.033967
0.034253
0.039367
0.034469
0.034276
0.034317
0.036229
0.034432
0.034282
0.034357
0.034245
0.038904
0.034238
0.034033
0.039119
0.03446
0.034219
0.034018
0.039612
0.034092
0.035066
0.037452
0.034521
0.034344
0.033671
0.039204
0.033992
0.034363
0.034709
0.036994
0.034073
0.034676
0.034212
0.037259
0.034439
0.03487
0.039545
0.034134
0.034121
0.03413
0.039032
0.034232
0.033794
0.039766
0.034446
0.034392
0.039351
0.034532
0.034074
0.039985
0.033968
0.034066
0.03941
0.034231
0.034359
0.034482
0.036489
0.034154
0.03491
0.034248
0.037388
0.034234
0.034215
0.040414
0.034722
0.034373
0.037498
0.034298
0.033902
0.034616
0.034315
0.039969
0.034272
0.034297
0.034257
0.034168
0.035895
0.033783
0.034716
0.034347
0.033981
0.040015
0.033934
0.034077
0.034287
0.038949
0.033803
0.034342
0.034024
0.039034
0.033938
0.03413
0.040092
0.034234
0.034126
0.039294
0.03412
0.033997
0.034096
0.034189
0.039096
0.033921
0.033928
0.033779
0.034241
0.039647
0.034367
0.034763
0.034321
0.038015
0.034186
0.034383
0.039437
0.034797
0.034105
0.03349
0.03961
0.034226
0.033661
0.039526
0.034275
0.0349
0.03745
0.034599
0.005127
0.02923
0.038974
0.03421
0.034107
0.039118
0.034066
0.034424
0.034383
0.037724
0.034258
0.034038
0.034152
0.036809
0.034154
0.034404
0.034159
0.039725
0.034196
0.034402
0.034804
0.038201
0.033946
0.03385
0.03422
0.034344
0.037325
0.034753
0.034257
0.037337
0.034141
0.033917
0.033918
0.039394
0.034582
0.034052
0.034049
0.03748
0.034485
0.033746
0.034263
0.037038
0.03483
0.034618
0.03946
0.034042
0.034593
0.038916
0.034096
0.034672
0.034409
0.039392
0.033987
0.033962
0.039349
0.034374
0.034949
0.034396
0.071392
0.034113
0.034515
0.038761
0.033706
0.033708
0.033726
0.033749
0.034276
0.038577
0.033826
0.033832
0.034813
0.037275
0.034862
0.033937
0.033603
0.037618
0.034897
0.033857
0.033744
0.039252
0.033899
0.034584
0.033955
0.034415
0.039425
0.033903
0.033896
0.033974
0.035866
0.034414
0.033806
0.033804
0.03366
0.036918
0.033675
0.034101
0.034663
0.039334
0.034094
0.034641
0.034296
0.039442
0.034195
0.034157
0.038807
0.03377
0.034001
0.033762
0.039348
0.033501
0.033868
0.033837
0.03409
0.0376
0.034761
0.034238
0.037848
0.034022
0.033863
0.039013
0.034034
0.033592
0.033888
0.034802
0.035558
0.034153
0.034011
0.033774
0.03961
0.034476
0.034532
0.03429
0.037357
0.033461
0.033866
0.034169
0.038753
0.033941
0.033994
0.039471
0.034285
0.034385
0.034308
0.039681
0.03392
0.034194
0.038996
0.034169
0.034763
0.034081
0.038983
0.034017
0.034128
0.039169
0.033951
0.005055
0.028425
0.03395
0.033703
0.039319
0.034322
0.03409
0.029346
3.3e-05
2.7e-05
0.011005
0.034068
0.033806
0.039664
0.034139
0.034484
0.039258
0.033807
0.034612
0.038969
0.034554
0.034797
0.034134
0.03769
0.034491
0.034629
0.034702
0.033344
0.038221
0.034371
0.034807
0.037778
0.034067
0.034195
0.039619
0.034783
0.034295
0.037692
0.034667
0.034893
0.037794
0.034149
0.034062
0.039263
0.03474
0.034106
0.033831
0.03402
0.039471
0.034413
0.034893
0.034442
0.037789
0.034142
0.034373
0.034289
0.039466
0.034413
0.034219
0.034331
0.037645
0.03469
0.034589
0.037902
0.035013
0.034759
0.039765
0.034438
0.040124
0.034583
0.03432
0.039477
0.034733
0.033771
0.037932
0.034464
0.034595
0.039287
0.015393
0.019223
0.034416
0.037452
0.035042
0.035097
0.039361
0.034853
0.035028
0.039529
0.034348
0.03466
0.038272
0.034733
0.035027
0.038824
0.034841
0.033969
0.036909
0.034459
0.034446
0.037577
0.034613
0.034328
0.03769
0.034552
0.0342
0.037637
0.034319
0.034344
0.039647
0.034514
0.034912
0.037841
0.034177
0.034325
0.039467
0.034243
0.03433
0.039195
0.034059
0.033423
0.039114
0.034618
0.034838
0.040445
0.034435
0.034504
0.034088
0.038149
0.03412
0.034122
0.037049
0.034212
0.034475
0.039721
0.034399
0.034383
0.033394
0.03934
0.033808
0.03434
0.039662
0.034381
0.0343
0.037847
0.03429
0.034393
0.034226
0.039555
0.034339
0.034385
0.038469
0.034903
0.034538
0.037995
0.034606
0.034288
0.03345
0.037801
0.035088
0.034667
0.039992
0.034352
0.034598
0.037827
0.033491
0.03457
0.034562
0.039445
0.034167
0.034175
0.034178
0.037618
0.034519
0.034768
0.039898
0.034437
0.03437
0.03421
0.036239
0.033436
0.034342
0.033961
0.037799
0.034815
0.034526
0.037817
0.034315
0.034224
0.039265
0.034549
0.0342
0.037456
0.034308
0.034288
0.038426
0.034512
0.034448
0.034378
0.039729
0.034346
0.034381
0.034443
0.038008
0.034499
0.034445
0.039335
0.034292
0.072184
0.035023
0.034474
0.038068
0.034395
0.034569
0.039953
0.034753
0.034566
0.034299
0.039443
0.034246
0.034428
0.034261
0.039843
0.03462
0.03443
0.034413
0.039758
0.034375
0.03486
0.071972
0.034104
0.034099
0.03383
0.036176
0.034416
0.033505
0.034733
0.039671
0.034537
0.034414
0.034296
0.039478
0.034106
0.034913
0.037546
0.034509
0.034397
0.039398
0.034231
0.033985
0.039802
0.034597
0.034718
0.037582
0.034745
0.034422
0.034311
0.039927
0.034514
0.034527
0.037242
0.034763
0.034663
0.034513
0.039855
0.033489
0.03456
0.039443
0.034382
0.034697
0.039401
0.034599
0.034317
0.039482
0.034789
0.03452
0.037637
0.034753
0.034639
0.0349
0.037654
0.034755
0.034359
0.037593
0.034706
0.034578
0.039568
0.03465
0.034535
0.039426
0.033737
0.035033
0.039238
0.033989
0.034738
0.038092
0.034255
0.034119
0.034384
0.040001
0.034899
0.040105
0.034792
0.03412
0.039374
0.034621
0.034437
0.038322
0.034472
0.034237
0.03428
0.03838
0.034332
0.03442
0.037746
0.034204
0.034424
0.034363
0.040179
0.03456
0.034245
0.034033
0.040203
0.034483
0.033843
0.033852
0.037772
0.034495
0.034389
0.039401
0.034437
0.034322
0.034486
0.038041
0.034414
0.034511
0.034348
0.038141
0.03446
0.033831
0.040013
0.034248
0.034457
0.03953
0.034525
0.034428
0.03912
0.034648
0.034335
0.037815
0.034109
0.033373
0.033345
0.039611
0.034124
0.034544
0.039311
0.034442
0.034306
0.037714
0.034067
0.034314
0.03419
0.037813
0.034305
0.03473
0.039389
0.034522
0.034201
0.033801
0.039379
0.034564
0.034312
0.034256
0.037892
0.034751
0.03455
0.037494
0.03428
0.034719
0.039824
0.03338
0.033992
0.03408
0.034232
0.037303
0.034575
0.034186
0.039013
0.067891
0.0341
0.037408
0.034283
0.033778
0.034009
0.034149
0.03763
0.03423
0.033893
0.034267
0.039629
0.033889
0.033964
0.039315
0.034472
0.034082
0.039512
0.034145
0.034837
0.039528
0.034412
0.034528
0.033813
0.03423
0.039673
0.034094
0.03439
0.071787
0.034329
0.039449
0.034482
0.034693
0.039333
0.034261
0.034343
0.03418
0.039246
0.034308
0.034003
0.039053
0.034466
0.03394
0.039726
0.034131
0.034445
0.038301
0.034509
0.034256
0.039305
0.034198
0.034297
0.034202
0.039013
0.034165
0.0344
0.039198
0.034086
0.033942
0.034112
0.03376
0.033375
0.039544
0.03426
0.034174
0.039588
0.034248
0.034297
0.038815
0.034743
0.034086
0.037492
0.034343
0.03415
0.039762
0.03485
0.034265
0.034546
0.037435
0.034771
0.033765
0.03405
0.037387
0.034252
0.03417
0.034108
0.037662
0.034066
0.033858
0.034293
0.038044
0.0683
0.033858
0.035831
0.034062
0.034241
0.034453
0.033954
0.039545
0.034198
0.03407
0.039031
0.034218
0.034064
0.034961
0.03942
0.034109
0.034818
0.04045
0.034401
0.034222
0.038054
0.034494
0.034023
0.039205
0.034108
0.03398
0.034144
0.038297
0.034894
0.034795
0.039916
0.034914
0.034707
0.036351
0.034625
0.034121
0.039136
0.034389
0.034341
0.038864
0.034131
0.034685
0.040082
0.034251
0.033881
0.033937
0.033877
0.037645
0.034208
0.034322
0.069934
0.034191
0.034401
0.034211
0.037633
0.034797
0.034079
0.034095
0.037321
0.03423
0.033584
0.034085
0.034143
0.037703
0.033981
0.034117
0.033985
0.037477
0.034222
0.034276
0.035025
0.037499
0.034215
0.034275
0.038978
0.034042
0.034022
0.033931
0.037809
0.033873
0.034002
0.03412
0.039102
0.033859
0.034456
0.073267
0.034562
0.034035
0.034228
0.039195
0.034235
0.033854
0.039322
0.034217
0.03397
0.034025
0.035986
0.034394
0.034756
0.03895
0.034067
0.03422
0.034022
0.037452
0.03417
0.034009
0.034092
0.039254
0.034081
0.034254
0.039107
0.033999
0.034718
0.040362
0.033954
0.040535
0.034293
0.034194
0.034124
0.037436
0.034161
0.034213
0.034086
0.037784
0.033936
0.034065
0.034017
3.8e-05
0.038397
0.034418
0.034096
0.03916
0.034215
0.034203
0.06875
0.038422
0.034484
0.034575
0.039656
0.034702
0.068154
0.036251
0.03463
0.034004
0.04029
0.034182
0.033878
3.8e-05
0.0394
0.034594
0.033965
0.034191
0.037232
0.034299
0.034
0.034122
0.036592
0.034279
0.034654
0.034062
0.039219
0.034128
0.034177
0.039765
0.034539
0.034432
0.039769
0.03414
0.033853
0.034142
0.038404
0.034142
0.033539
0.033928
0.038998
0.034477
0.034118
0.038845
0.03443
0.03399
0.034067
0.033927
0.039213
0.034204
0.034735
0.03799
0.034167
0.033972
0.034089
0.03402
0.035784
0.03416
0.033794
0.03424
0.03742
0.034225
0.033893
0.034116
0.037731
0.03473
0.033848
0.03397
0.033999
0.0341
0.035812
0.034541
0.034536
0.038177
0.03403
0.034268
0.034076
0.037618
0.034326
0.034419
0.033469
0.03734
0.033887
0.033835
0.039526
0.03437
0.073152
0.03419
0.034102
0.03395
0.039247
0.033924
0.033965
0.033796
0.03704
0.034268
0.034029
0.037006
0.034856
0.034186
0.040157
0.034388
0.034132
0.039146
0.034106
0.034363
0.039535
0.034325
0.033339
0.034209
0.039204
0.034131
0.033941
0.034034
0.034052
0.037765
0.034193
0.03397
0.034194
0.037753
0.034218
0.034251
0.040357
0.068208
0.034056
0.037663
0.034165
0.034116
0.037888
0.034072
0.034258
0.033883
0.039386
0.034243
0.034009
0.034225
0.039703
0.034356
0.033976
0.03412
0.039834
0.034694
0.034598
0.040004
0.034046
0.034135
0.039243
0.034349
0.033948
0.033881
0.038315
0.034018
0.034141
0.039172
0.034533
0.033994
0.034171
0.038919
0.034293
0.034028
0.039
0.034569
0.034373
0.033999
0.039608
0.034725
0.034024
0.034033
0.037408
0.034473
0.034166
0.034372
0.037783
0.034486
0.034835
0.040152
0.034573
0.034182
0.039493
0.034713
0.033729
0.039023
0.03429
0.034133
0.0391
0.03428
0.034035
0.034097
0.037773
0.034395
0.07388
0.034232
0.034315
0.034429
0.039584
0.034017
0.034077
0.034201
0.037718
0.034335
0.034108
0.034663
0.039916
0.034927
0.034747
0.039544
0.03434
0.034944
0.034182
0.037446
0.034395
0.03425
0.039479
0.034081
0.034041
0.039365
0.034259
0.034449
0.037278
0.034276
0.03401
0.033379
0.073825
0.034358
0.034305
0.039354
0.034133
0.03436
0.039417
0.034522
0.03413
0.034617
0.033873
0.037427
0.034215
0.033339
0.034171
0.038978
0.034281
0.03393
0.034315
0.034074
0.039177
0.034236
0.0346
0.033874
0.039518
0.034242
0.072081
0.034195
0.034001
0.034098
0.036076
0.034651
0.034265
0.034035
0.039173
0.034234
0.03403
0.034641
0.034142
0.037202
0.034213
0.034639
0.03942
0.03424
0.033901
0.034197
0.034314
0.039015
0.034188
0.034278
0.034206
0.039224
0.034347
0.034407
0.034469
0.03356
0.039168
0.034615
0.034196
0.033709
0.034228
0.038951
0.034226
0.034077
0.034088
0.037739
0.034028
0.034196
0.034025
0.038079
0.03414
0.034313
0.039673
0.03435
0.034336
0.037998
0.034739
3.8e-05
0.03411
0.037828
0.034343
0.034563
0.074399
0.0346
0.034941
0.039714
0.034302
0.034579
0.034463
0.034656
0.037818
0.034735
0.034221
0.03882
0.03379
0.034143
0.034024
0.039169
0.034663
0.034105
0.039166
0.033996
0.034173
0.039394
0.034186
0.034429
0.039666
0.034239
0.034232
0.037748
0.034072
0.03394
0.040326
0.034119
0.034018
0.039265
0.034448
0.034445
0.040099
0.034421
0.034636
0.033539
0.039755
0.034409
0.034311
0.033894
0.039386
0.033335
0.034215
0.034233
0.037283
0.034317
0.034461
0.034293
0.039806
0.033973
0.034398
0.039153
0.03417
0.034231
0.034068
0.04065
0.034447
0.03441
0.039669
0.034569
0.034071
0.034142
0.034194
0.037598
0.034398
0.034414
0.039647
0.034085
0.034207
0.039245
0.034614
0.034281
0.034199
0.037364
0.034261
0.034401
0.034416
0.039486
0.034226
0.034167
0.039421
0.034117
0.034594
0.034507
0.039647
0.034146
0.03426
0.039705
0.069287
0.034435
